1.332214053533200770e+00
7.573869960473661456e-01
4.891119104861929023e-01
-6.604024269277628196e-04
4.954869246546844772e-04
-5.045534654679720331e-04
6.616598842913415934e-01
-5.114915185126117647e-02
6.589637117209240502e-01
5.121227675783365796e-02
1.410245085792335984e-03
1.360138261588356113e-03
2.788519331833006973e-02
2.812988859220345861e-02
1.341847809347763043e+00
7.490117717796654917e-01
4.247880504510995747e-01
-9.633755814594878453e-03
8.375224267691610755e-03
6.432386003533997754e-02
1.343107268666601684e+00
7.502365697044380832e-01
4.382677380883852614e-01
-1.089321513344827276e-02
7.150426342941361597e-03
5.084417239777446612e-02
-6.603958748030615148e-04
4.953959430186281746e-04
-5.019435804765662573e-04
-2.390478745535427845e-06
-1.251658733332096720e-07
-6.674853943485432822e-07
-7.168986120004973645e-04
4.005519601099189440e-04
-6.456306208877157088e-04
-5.010053942895338619e-04
6.693281468171976807e-04
-5.431989788955525825e-03
9.999999922944795561e-01
-8.927888920225948091e-07
-2.298617014549482495e-07
-4.984708023303188549e-06
8.729739555264233175e-01
1.830210512676163541e-04
-1.875295366784512831e-03
-4.009890788464751804e-02
2.788519331833006973e-02
2.812988859220345861e-02
1.332214053533200770e+00
7.573869960473661456e-01
4.891119104861929023e-01
1.341847809347763043e+00
7.490117717796654917e-01
4.247880504510995747e-01
1.343107268666601684e+00
7.502365697044380832e-01
4.382677380883852614e-01
