9.999958667982142835e-01
9.999958620545392751e-01
9.999958638749123496e-01
9.999958479510842047e-01
9.999958480308585029e-01
9.999958478781882931e-01
9.999958500439699582e-01
9.999959465345299447e-01
9.999958501500666452e-01
9.999959452429529883e-01
9.999958482899662382e-01
9.999958483047302060e-01
9.999958481346588046e-01
9.999958480472429523e-01
9.999958471588336062e-01
9.999958471588336062e-01
9.999958471588340503e-01
9.999958667981592164e-01
9.999958620544311394e-01
9.999958638756429874e-01
9.999958622236810868e-01
9.999958726031267231e-01
9.999958492566370927e-01
9.999958561774550114e-01
9.999958533791142301e-01
9.999958601695480009e-01
9.999958479510787646e-01
9.999958480308424047e-01
9.999958478777838389e-01
9.999958471588343834e-01
9.999958471588337172e-01
9.999958471588336062e-01
9.999958475409767011e-01
9.999958475516402823e-01
9.999958477093593423e-01
9.999958502131558458e-01
9.999958484882544019e-01
9.999958706183379453e-01
9.999958471588336062e-01
9.999958471588336062e-01
9.999958471588336062e-01
9.999958471588336062e-01
9.999958701628214319e-01
9.999958472220030758e-01
9.999958474006789277e-01
9.999959787160617175e-01
9.999958481346588046e-01
9.999958480472429523e-01
9.999958667982142835e-01
9.999958620545392751e-01
9.999958638749123496e-01
9.999958471588336062e-01
9.999958471588336062e-01
9.999958471588340503e-01
9.999958622236810868e-01
9.999958726031267231e-01
9.999958492566370927e-01
