9.999958590569613115e-01
9.999958541422704350e-01
9.999958575899726698e-01
9.999958481464698012e-01
9.999958482896976752e-01
9.999958487045619293e-01
9.999958492629157369e-01
9.999958491570012376e-01
9.999958478735792022e-01
9.999958479629941221e-01
9.999958471588336062e-01
9.999958471588336062e-01
9.999958471588340503e-01
9.999958590565655170e-01
9.999958541423192848e-01
9.999958575900684821e-01
9.999958742646060106e-01
9.999958511834313724e-01
9.999958788853942071e-01
9.999958541744510265e-01
9.999958501404569988e-01
9.999958777940097798e-01
9.999958481464454874e-01
9.999958482896995626e-01
9.999958487042004407e-01
9.999958471588356046e-01
9.999958471588393794e-01
9.999958471588340503e-01
9.999958481258076626e-01
9.999958480310725539e-01
9.999958501686162515e-01
9.999960739697817402e-01
9.999959437520342664e-01
9.999960441216502183e-01
9.999958478735792022e-01
9.999958479629941221e-01
9.999958590569613115e-01
9.999958541422704350e-01
9.999958575899726698e-01
9.999958471588336062e-01
9.999958471588336062e-01
9.999958471588340503e-01
9.999958742646060106e-01
9.999958511834313724e-01
9.999958788853942071e-01
