1.329834975374852402e+00
7.500002283592511754e-01
4.837590859618670081e-01
-8.435421949236140016e-04
6.987503974269263461e-05
-6.139221737828594490e-04
1.120346744104501902e-03
1.118556177995869714e-03
2.929879087121864054e-02
2.929787729629391296e-02
1.341716237088006691e+00
7.490210074878681512e-01
4.247880774443665852e-01
-1.188126171319629255e-02
9.792208713662543720e-04
5.897100851778540320e-02
1.343287530810598707e+00
7.486332199802916421e-01
4.355781731988485062e-01
-1.345255543579937201e-02
1.367008378962445911e-03
4.818091276299638070e-02
-8.435699928735553585e-04
6.980098639849134569e-05
-6.113169527429257715e-04
-2.354457483149306183e-06
8.763103175577873176e-08
2.797468005795138294e-07
-9.639652455256015901e-04
1.261107673169149465e-04
-6.688994256944960724e-04
-2.792893451031995457e-04
2.329398977505464478e-03
2.296655091764558990e-04
2.929879087121864054e-02
2.929787729629391296e-02
1.329834975374852402e+00
7.500002283592511754e-01
4.837590859618670081e-01
1.341716237088006691e+00
7.490210074878681512e-01
4.247880774443665852e-01
1.343287530810598707e+00
7.486332199802916421e-01
4.355781731988485062e-01
