1.319384640356323635e+00
7.380520920830482279e-01
4.961151134130294960e-01
-1.380981268346636454e-03
-6.365382295370236891e-04
-1.832351242398795772e-04
1.280251480616822644e-03
1.317113638214418127e-03
2.797306436413902336e-02
2.751868990955559993e-02
1.341646393869255771e+00
7.487192869361948278e-01
4.322285875644757414e-01
-2.226175351293303156e-02
-1.066719485320328717e-02
6.388652584658145728e-02
1.341717078177995237e+00
7.484985389764664543e-01
4.322216883956898625e-01
-2.233243782166938543e-02
-1.044644689348395335e-02
6.389342501913231054e-02
1.341793420753972788e+00
7.484298248710229418e-01
4.322465786286243672e-01
-2.240878039762575144e-02
-1.037773278802169193e-02
6.386853478212466129e-02
-1.361355943750914297e-03
-5.836168993193263828e-04
-3.529860338132253432e-04
4.427117709055637608e-04
3.242420543786865344e-04
2.290415244000364338e-05
-1.362864245765811220e-03
-5.840948271033674123e-04
-3.544912727456733955e-04
4.565984014606456055e-04
3.495269918834911544e-04
1.097102055814088350e-05
-1.368434411810270099e-03
-5.840007460389472996e-04
-3.509290024521999969e-04
4.539955177061162639e-04
3.580530300311952452e-04
8.163577308800470193e-06
2.797306436413902336e-02
2.751868990955559993e-02
1.319384640356323635e+00
7.380520920830482279e-01
4.961151134130294960e-01
1.341646393869255771e+00
7.487192869361948278e-01
4.322285875644757414e-01
1.341717078177995237e+00
7.484985389764664543e-01
4.322216883956898625e-01
1.341793420753972788e+00
7.484298248710229418e-01
4.322465786286243672e-01
