9.999987525108874342e-01
9.999987556745164596e-01
9.999987557243084080e-01
9.999987513803051398e-01
9.999987514610803041e-01
9.999987515059804988e-01
9.999987515613497635e-01
9.999987515603367960e-01
9.999987515127970461e-01
9.999987515434586305e-01
9.999987512575422288e-01
9.999987512612137364e-01
9.999987512487468200e-01
9.999987524994374821e-01
9.999987555906270087e-01
9.999987557260879845e-01
9.999987513553352247e-01
9.999987514431384339e-01
9.999987512914469967e-01
9.999987524154922980e-01
9.999987554860984007e-01
9.999987557416208928e-01
9.999987524992010046e-01
9.999987564012211561e-01
9.999987516877583138e-01
9.999987522331539314e-01
9.999987528910756485e-01
9.999987550336804087e-01
9.999987513795332017e-01
9.999987514595766180e-01
9.999987515064867605e-01
9.999987514118447995e-01
9.999987513111074922e-01
9.999987512671623113e-01
9.999987513741930290e-01
9.999987514596438976e-01
9.999987514972754621e-01
9.999987513180044196e-01
9.999987512724528571e-01
9.999987513090415892e-01
9.999987513408167272e-01
9.999987513368271408e-01
9.999987514303816383e-01
9.999987523154313385e-01
9.999987512740127205e-01
9.999987513287025287e-01
9.999987515127970461e-01
9.999987515434586305e-01
9.999987525108874342e-01
9.999987556745164596e-01
9.999987557243084080e-01
9.999987512575422288e-01
9.999987512612137364e-01
9.999987512487468200e-01
9.999987513553352247e-01
9.999987514431384339e-01
9.999987512914469967e-01
9.999987524992010046e-01
9.999987564012211561e-01
9.999987516877583138e-01
