1.293095657991735425e+00
6.717923849462861252e-01
4.378176003658422744e-01
-1.470389893210388797e-03
-1.758317209515412524e-03
-1.541066633357203496e-03
3.811791845174878138e-04
5.002130069330330353e-04
3.502463968331712141e-02
3.150452052127791780e-02
1.340706970301488443e+00
7.421695957546909916e-01
4.261338409114887593e-01
-4.761131230979756546e-02
-7.037721080843602206e-02
1.168375945043960418e-02
1.341827755195109440e+00
7.439230212632444994e-01
4.222072014038297794e-01
-4.873209720335380801e-02
-7.213063631694324740e-02
1.561039896625000117e-02
1.350581507612191867e+00
7.449749703100175813e-01
4.309157939233856371e-01
-5.748584962033055634e-02
-7.318258536372192202e-02
6.901806441048407778e-03
-1.446246486846623986e-03
-1.566635876495788525e-03
-1.399033894404042846e-03
1.122405886826521220e-03
3.745462360949008062e-04
-3.481796375726418187e-05
-1.466139331498310990e-03
-1.593180652095423479e-03
-1.385321125892991249e-03
4.208765439607473633e-04
1.671725244951960453e-04
-2.545278516787367559e-04
-1.678744652263147383e-03
-1.651578709439327497e-03
-1.470875139044760908e-03
5.281932322273665036e-04
1.378443611411014512e-03
-1.750107521984923357e-05
3.502463968331712141e-02
3.150452052127791780e-02
1.293095657991735425e+00
6.717923849462861252e-01
4.378176003658422744e-01
1.340706970301488443e+00
7.421695957546909916e-01
4.261338409114887593e-01
1.341827755195109440e+00
7.439230212632444994e-01
4.222072014038297794e-01
1.350581507612191867e+00
7.449749703100175813e-01
4.309157939233856371e-01
