9.999993820771491126e-01
9.999993825479482901e-01
9.999993769900213936e-01
9.999993754446818706e-01
9.999993754359017828e-01
9.999993754434303161e-01
9.999993754205245278e-01
9.999993754190839024e-01
9.999993754088388753e-01
9.999993755117850824e-01
9.999993754631553156e-01
9.999993764368041438e-01
9.999993753847700173e-01
9.999993821709817210e-01
9.999993818481168750e-01
9.999993767388921651e-01
9.999993786560426035e-01
9.999993757661782556e-01
9.999993772619775179e-01
9.999993802562801015e-01
9.999993828599148538e-01
9.999993773797148933e-01
9.999993764830082954e-01
9.999993799273884099e-01
9.999993755063441014e-01
9.999993814100142098e-01
9.999993801954444317e-01
9.999993768540509365e-01
9.999993754485717590e-01
9.999993754374074673e-01
9.999993754313066807e-01
9.999993840207149765e-01
9.999993773365641880e-01
9.999993756643379417e-01
9.999993754199448803e-01
9.999993754322693551e-01
9.999993754305021021e-01
9.999993784743097525e-01
9.999993852350138601e-01
9.999993768356351120e-01
9.999993754201500495e-01
9.999993753972870048e-01
9.999993754316237604e-01
9.999994007144953345e-01
9.999993760082948047e-01
9.999993760818861599e-01
9.999993754088388753e-01
9.999993755117850824e-01
9.999993820771491126e-01
9.999993825479482901e-01
9.999993769900213936e-01
9.999993754631553156e-01
9.999993764368041438e-01
9.999993753847700173e-01
9.999993786560426035e-01
9.999993757661782556e-01
9.999993772619775179e-01
9.999993764830082954e-01
9.999993799273884099e-01
9.999993755063441014e-01
