9.999958546887601774e-01
9.999958512221962526e-01
9.999958556143981880e-01
9.999958475756798304e-01
9.999958475909851430e-01
9.999958476100305749e-01
9.999958480971435915e-01
9.999958482774612412e-01
9.999958478306445464e-01
9.999958478295782882e-01
9.999958471588336062e-01
9.999958471588337172e-01
9.999958471588339393e-01
9.999958546888755295e-01
9.999958512221106544e-01
9.999958556129984188e-01
9.999958476781207750e-01
9.999958493872943555e-01
9.999958478947964524e-01
9.999958549917816741e-01
9.999958521876823880e-01
9.999958540213109703e-01
9.999958475756739462e-01
9.999958475909417333e-01
9.999958476098240734e-01
9.999958471588669129e-01
9.999958471588434872e-01
9.999958471588368258e-01
9.999958475424021165e-01
9.999958475401558022e-01
9.999958475415557935e-01
9.999958502336885324e-01
9.999958472856090852e-01
9.999958473711147988e-01
9.999958478306445464e-01
9.999958478295782882e-01
9.999958546887601774e-01
9.999958512221962526e-01
9.999958556143981880e-01
9.999958471588336062e-01
9.999958471588337172e-01
9.999958471588339393e-01
9.999958476781207750e-01
9.999958493872943555e-01
9.999958478947964524e-01
