9.999991745864048598e-01
9.999991767124840614e-01
9.999991687397526974e-01
9.999991674257252550e-01
9.999991674115857876e-01
9.999991675190454954e-01
9.999991674948921494e-01
9.999991675239241484e-01
9.999991674003654296e-01
9.999991673957721039e-01
9.999991672221177907e-01
9.999991674502323180e-01
9.999991672247423580e-01
9.999991745536436216e-01
9.999991746849227203e-01
9.999991686483467035e-01
9.999991679149048407e-01
9.999991704828860017e-01
9.999991682020525907e-01
9.999991724466155141e-01
9.999991718968512799e-01
9.999991680985709230e-01
9.999991679394001354e-01
9.999991704710601281e-01
9.999991676944237629e-01
9.999991737883872078e-01
9.999991721714232007e-01
9.999991686877429675e-01
9.999991674227052263e-01
9.999991674039482303e-01
9.999991675096784327e-01
9.999991720488629054e-01
9.999991672754445782e-01
9.999991672352387395e-01
9.999991674188056789e-01
9.999991674251228480e-01
9.999991674913196738e-01
9.999991731150383867e-01
9.999991673357014887e-01
9.999991672472250404e-01
9.999991674108554829e-01
9.999991673511341439e-01
9.999991674593831092e-01
9.999991734874736915e-01
9.999991675543330460e-01
9.999991673331082298e-01
9.999991674003654296e-01
9.999991673957721039e-01
9.999991745864048598e-01
9.999991767124840614e-01
9.999991687397526974e-01
9.999991672221177907e-01
9.999991674502323180e-01
9.999991672247423580e-01
9.999991679149048407e-01
9.999991704828860017e-01
9.999991682020525907e-01
9.999991679394001354e-01
9.999991704710601281e-01
9.999991676944237629e-01
