1.297762682609211460e+00
7.455575762384819560e-01
5.084817268356213171e-01
-1.607234768850215835e-03
-7.939246115456965124e-05
5.639207988406991104e-05
7.749274103241102088e-04
7.774639928630177601e-04
3.160189918556777222e-02
3.172816091540726913e-02
1.341732260394718379e+00
7.491104142196086668e-01
4.227054201360049279e-01
-4.396957778550242280e-02
-3.552837981142398759e-03
8.577630669981234357e-02
1.341720481741668802e+00
7.490174281750496821e-01
4.388143962443554758e-01
-4.395779913245206200e-02
-3.459851936556006691e-03
6.966733059109823933e-02
1.341764504836373550e+00
7.491597008456506446e-01
4.387594958334279371e-01
-4.400182222726982395e-02
-3.602124607118087525e-03
6.972223100380472993e-02
-1.607895012261738093e-03
-8.035045408448011515e-05
2.152951187650973164e-04
-1.457003447889310393e-04
3.815694519901332064e-04
-2.689776198309253247e-05
-1.615128261651422497e-03
-7.049586117280939564e-05
-1.684704309303130447e-04
1.049386241198054420e-04
8.145723770087548964e-04
1.979493192317701195e-05
-1.616562234737096071e-03
-7.420194731679955196e-05
-1.648658210796830189e-04
7.792970532687518528e-05
8.922475208284554342e-04
2.608086326751927808e-05
3.160189918556777222e-02
3.172816091540726913e-02
1.297762682609211460e+00
7.455575762384819560e-01
5.084817268356213171e-01
1.341732260394718379e+00
7.491104142196086668e-01
4.227054201360049279e-01
1.341720481741668802e+00
7.490174281750496821e-01
4.388143962443554758e-01
1.341764504836373550e+00
7.491597008456506446e-01
4.387594958334279371e-01
