1.335118459057369478e+00
7.407753194020952892e-01
4.910485640746747316e-01
-5.281873228879337872e-04
-4.348774421443410681e-04
-2.908324952547422016e-04
1.378676882419688438e-03
1.372270973046307244e-03
2.807679543143891746e-02
2.693950271856775797e-02
1.341526107282926095e+00
7.491601412567489016e-01
4.247880775504409012e-01
-6.407648225615614895e-03
-8.384821854634183502e-03
6.626048652440848230e-02
1.342986518612529601e+00
7.478370779079400732e-01
4.455198137092709065e-01
-7.868059555204710495e-03
-7.061758505819462281e-03
4.552875036537411962e-02
-5.282096104501300855e-04
-4.349349535639718636e-04
-2.882304355497134797e-04
-2.329205376255704945e-06
6.528150727650804276e-08
1.397670461061267348e-07
-6.201694722528335773e-04
-3.654459625840155833e-04
-9.830834261306735464e-04
1.082649044042553873e-03
1.190868403622140793e-03
-1.176176143778438966e-04
2.807679543143891746e-02
2.693950271856775797e-02
1.335118459057369478e+00
7.407753194020952892e-01
4.910485640746747316e-01
1.341526107282926095e+00
7.491601412567489016e-01
4.247880775504409012e-01
1.342986518612529601e+00
7.478370779079400732e-01
4.455198137092709065e-01
