1.333087220993380617e+00
7.515470881540641246e-01
5.002267272470356518e-01
-6.449821103329158711e-04
9.200510319556739103e-05
7.512840451536371348e-05
1.308000176703865650e-03
1.310711481709406082e-03
2.709435097700713460e-02
2.731298723028951700e-02
1.341504288194045769e+00
7.490527809633218403e-01
4.238132229840012588e-01
-8.417067200676503491e-03
2.494307190750936608e-03
7.641350426136750418e-02
1.341248758889720172e+00
7.495856312110898978e-01
4.352483022932843726e-01
-8.161537896439349793e-03
1.961456942971507612e-03
6.497842495605228585e-02
1.341352830066894875e+00
7.493872339801926907e-01
4.351753963889216648e-01
-8.265609073630844628e-03
2.159854173875340889e-03
6.505133085864524267e-02
-6.318679395974460041e-04
9.183371931122276790e-05
2.314074383153833534e-04
4.696984128055389123e-05
1.874115819713537427e-04
-1.598785242307524252e-05
-6.342804962385738656e-04
7.858109997269239523e-05
-1.948286014172409856e-04
-2.728924817535998510e-04
8.594746008479277723e-04
3.542864362943065664e-05
-6.493928095512527948e-04
8.651402163102632134e-05
-1.912916227049334973e-04
-2.257496946015624889e-04
9.004509913428027828e-04
6.910858782654472673e-05
2.709435097700713460e-02
2.731298723028951700e-02
1.333087220993380617e+00
7.515470881540641246e-01
5.002267272470356518e-01
1.341504288194045769e+00
7.490527809633218403e-01
4.238132229840012588e-01
1.341248758889720172e+00
7.495856312110898978e-01
4.352483022932843726e-01
1.341352830066894875e+00
7.493872339801926907e-01
4.351753963889216648e-01
