9.999984407196572667e-01
9.999984408350837128e-01
9.999984415591520737e-01
9.999984395796186476e-01
9.999984396015745292e-01
9.999984396054754088e-01
9.999984398283989773e-01
9.999984398470628255e-01
9.999984395826413408e-01
9.999984395646339674e-01
9.999984396345107385e-01
9.999984394709638957e-01
9.999984394531811205e-01
9.999984407375158701e-01
9.999984408243801637e-01
9.999984414938714039e-01
9.999984398064521995e-01
9.999984408830830951e-01
9.999984396049901303e-01
9.999984406351773991e-01
9.999984399905537114e-01
9.999984415928944159e-01
9.999984398180407075e-01
9.999984395694342387e-01
9.999984396210788162e-01
9.999984408853809237e-01
9.999984408514429601e-01
9.999984411457333300e-01
9.999984395813469318e-01
9.999984395970439310e-01
9.999984396112563401e-01
9.999984447377313623e-01
9.999984420269192320e-01
9.999984430723559692e-01
9.999984395740920684e-01
9.999984395623833233e-01
9.999984395892075328e-01
9.999984508072460310e-01
9.999984396921614005e-01
9.999984397899316368e-01
9.999984395690543204e-01
9.999984396023895439e-01
9.999984396059358183e-01
9.999984401573510651e-01
9.999984414171437797e-01
9.999984395504335488e-01
9.999984395826413408e-01
9.999984395646339674e-01
9.999984407196572667e-01
9.999984408350837128e-01
9.999984415591520737e-01
9.999984396345107385e-01
9.999984394709638957e-01
9.999984394531811205e-01
9.999984398064521995e-01
9.999984408830830951e-01
9.999984396049901303e-01
9.999984398180407075e-01
9.999984395694342387e-01
9.999984396210788162e-01
