9.999984431853461420e-01
9.999984419785841183e-01
9.999984408197359897e-01
9.999984398305469258e-01
9.999984397855673501e-01
9.999984397942864867e-01
9.999984400121121331e-01
9.999984399227899168e-01
9.999984397173378170e-01
9.999984396944869847e-01
9.999984394950999222e-01
9.999984394678340660e-01
9.999984394501384433e-01
9.999984431151138775e-01
9.999984418533666153e-01
9.999984408203347330e-01
9.999984437904466672e-01
9.999984411813749308e-01
9.999984395618293220e-01
9.999984404555738449e-01
9.999984406406843274e-01
9.999984407812152476e-01
9.999984394926523246e-01
9.999984395103957979e-01
9.999984394563287138e-01
9.999984430973797300e-01
9.999984418120863028e-01
9.999984408162165828e-01
9.999984398265584495e-01
9.999984397858205920e-01
9.999984397951977577e-01
9.999984424011383322e-01
9.999984412740323680e-01
9.999984400249501970e-01
9.999984397309484851e-01
9.999984397962100591e-01
9.999984397708089334e-01
9.999984579032442644e-01
9.999984673505590838e-01
9.999984490967257500e-01
9.999984398230820082e-01
9.999984397801414682e-01
9.999984397866972241e-01
9.999984398951354825e-01
9.999984395122704095e-01
9.999984396113635876e-01
9.999984397173378170e-01
9.999984396944869847e-01
9.999984431853461420e-01
9.999984419785841183e-01
9.999984408197359897e-01
9.999984394950999222e-01
9.999984394678340660e-01
9.999984394501384433e-01
9.999984437904466672e-01
9.999984411813749308e-01
9.999984395618293220e-01
9.999984394926523246e-01
9.999984395103957979e-01
9.999984394563287138e-01
