1.330210448975524651e+00
7.471738083254083618e-01
4.780403342370171949e-01
-8.004812591549487167e-04
-1.014579115335423738e-04
-8.986802922373386118e-04
1.217837041408543304e-03
1.207091982501115168e-03
3.046894874516956064e-02
2.994461644351140497e-02
1.342462022953962109e+00
7.487916603942893490e-01
4.198765877541713043e-01
-1.225157397847113569e-02
-1.617852068901459760e-03
5.816374648060904790e-02
1.342558980113369937e+00
7.491228879751063996e-01
4.274376130532244189e-01
-1.234853113782897333e-02
-1.949079649723272408e-03
5.060272118618731885e-02
1.342388179752326050e+00
7.491493049937432147e-01
4.275834301626731948e-01
-1.217773077681601201e-02
-1.975496668325147157e-03
5.045690407492950391e-02
-8.660987429733884744e-04
-7.581718349502266632e-05
-2.260577221392975997e-04
2.743111241705599663e-04
2.453570143974236582e-03
-1.204797158066282649e-05
-8.613184732697101199e-04
-1.111958728480337951e-04
-5.836248175157526114e-04
-1.002104600969679890e-04
2.813621624535481581e-03
3.652449155178647542e-05
-8.653136179842800015e-04
-1.018633073568943678e-04
-5.994538232189524328e-04
-2.064674214984032921e-04
2.810055998698002006e-03
1.226973971922186610e-05
3.046894874516956064e-02
2.994461644351140497e-02
1.330210448975524651e+00
7.471738083254083618e-01
4.780403342370171949e-01
1.342462022953962109e+00
7.487916603942893490e-01
4.198765877541713043e-01
1.342558980113369937e+00
7.491228879751063996e-01
4.274376130532244189e-01
1.342388179752326050e+00
7.491493049937432147e-01
4.275834301626731948e-01
